47.805565 -15.098112 -34.904007
-11.747376 -13.757236 43.758492
-49.139954 2.608705 6.676278
13.662822 -5.194063 52.790051
39.417156 -33.986530 -14.530334
28.774139 -14.089231 17.961161
28.034876 -42.291073 19.672398
46.059452 -7.994377 -22.607382
7.919089 1.036126 64.872559
-24.810680 14.254936 24.757778
-7.966818 -60.052269 -27.683861
36.353500 -10.184098 -1.105427
34.131691 -28.690580 -0.266680
24.186590 -22.674274 -75.960281
33.989311 -3.518452 38.953259
4.373507 -48.316372 23.675089
-35.835838 21.174749 -46.906212
-17.846003 -17.767365 -79.645180
4.582150 -50.987835 19.170683
19.681688 10.496706 57.498180
-36.680023 -29.429270 12.125700
43.125145 7.132845 -51.448090
30.963324 5.507174 -70.631409
-11.864709 5.705063 -81.714668
-24.917414 25.735502 -52.570473
24.509102 14.547826 38.899307
9.019323 -58.886532 -15.932079
33.106293 -42.665157 -7.158249
-45.363659 0.326706 28.343540
-22.516663 13.586847 56.889606
46.197090 -1.459265 2.672148
25.328485 -51.215904 -2.988378
-47.327435 4.665894 -22.137918
41.546253 -1.284843 -56.317497
43.268429 0.448535 14.610216
-13.972498 21.797142 -65.256729
38.786053 -41.863049 -42.354782
-35.419704 -40.327496 13.284658
17.967743 -4.195179 44.565434
33.852158 6.175842 -1.069809
-37.692802 -16.418600 17.906660
-4.848065 -11.889712 -84.083611
-28.239529 -52.685047 -26.653103
-29.794346 -42.261032 20.905088
46.272186 -9.697510 -48.416016
25.184473 23.684509 -53.928135
30.866037 -34.287292 7.689066
33.883877 15.817331 -58.777794
-48.939182 6.284795 -38.245701
32.051182 -38.561764 13.029069
32.454376 -14.615754 34.561779
22.003225 16.999393 -69.995239
-43.133022 -4.681601 -11.771526
-42.383640 -9.078061 27.030800
47.403606 1.898109 -29.040115
-34.091820 17.991867 -58.095612
12.885882 -52.907616 -53.262714
26.557669 -52.584038 -20.367342
-42.309658 -24.618423 18.537115
9.011914 13.435472 -79.214371
16.551231 6.283906 63.882610
34.464291 -16.242441 27.324722
6.469145 -16.717302 42.032803
-46.268635 -16.671999 -54.064796
46.196552 -29.910538 -31.039459
-23.379364 16.765667 -70.589806
8.746625 -6.957664 57.812752
-8.180397 -20.519009 38.508366
-39.933029 -33.146198 15.282737
-24.628521 18.129873 32.568886
-23.040289 -12.390572 39.066319
-15.767856 -49.891006 17.743748
-19.607302 7.654343 63.300167
33.373638 -34.977783 22.114401
-40.158222 -13.356962 -3.158163
-6.872633 -59.044434 7.293701
31.170443 -39.637917 -59.796005
24.416904 5.622933 31.739027
39.774208 -12.367394 29.075478
27.950575 -4.419252 29.756496
-48.731365 -26.133244 -37.952793
28.479713 -11.171094 38.899292
30.144474 4.654801 5.484094
42.207840 0.179832 20.763048
-19.350340 -56.819008 -13.202130
-39.146191 -30.944050 0.672819
37.163403 18.339584 -47.394508
-37.391567 -1.818885 -66.690628
-44.453007 12.928760 -46.589161
22.858530 14.651017 29.732475
8.611757 25.144876 -55.288124
-33.555622 7.941300 -67.739174
-35.808510 -10.693414 35.359184
26.120991 -8.436443 11.580717
-27.855873 -0.240706 42.510536
-26.986126 -51.551159 2.370368
7.866381 20.721296 -66.250664
-37.235771 7.662228 -0.465611
-36.948971 -33.072910 -60.066685
-39.410938 -40.888302 -45.096443
38.741348 0.576699 30.065338
-42.486042 6.812910 -55.633186
46.180393 6.510642 -42.390678
-18.615093 -6.541167 -81.229958
-34.569183 -15.445590 7.981112
-2.501106 5.858862 68.985298
28.504122 -17.787815 11.119795
-7.157187 -60.967033 -6.341770
29.804701 -18.398682 32.102589
12.893353 -48.917755 17.934490
31.723269 3.119977 34.106350
24.624886 -45.992191 14.205416
-3.634935 -58.295326 -44.334137
-16.345329 -1.238808 59.242123
-29.389910 -8.140859 15.789742
3.593446 -13.019395 50.341713
38.871681 2.743981 -60.349312
-41.303108 -16.085579 24.791130
33.026390 -17.020584 4.229965
45.298927 -4.879397 12.801891
20.757923 2.969450 22.588865
44.002930 -19.733236 -17.726770
-4.005137 -30.105007 34.616905
31.237583 -26.114834 14.645021
22.403559 9.316826 22.572088
32.837788 -4.398468 5.711989
-19.138494 -35.091213 -72.048424
-14.707978 -46.618824 25.533058
38.795517 -20.403240 -7.773699
10.923491 -10.759249 46.941330
-46.353188 5.185885 -5.117453
43.210781 -2.731316 26.588133
-31.866703 -0.698781 29.966888
15.642069 0.267798 59.019352
-11.349404 5.381586 67.864136
31.419184 -6.355650 -73.212250
26.336351 -51.768383 -39.486633
-23.955717 4.889570 22.810865
-40.089195 -0.011191 36.278858
44.712471 -0.435558 -16.227644
-21.038906 -46.824223 18.646866
-5.570125 -49.405125 22.843126
34.353680 -21.333641 22.943056
23.743063 -48.740528 7.798474
3.058225 -0.664651 -83.882072
-33.355556 -9.720982 26.336018
-5.026291 -39.249996 30.838594
-42.522259 -39.147343 -28.003410
-20.944921 -47.999939 -57.230309
15.180927 -13.673162 42.279961
24.508780 -7.625412 42.524773
-8.599685 25.160227 -56.267303
6.910984 -15.793775 -83.017479
23.030041 -14.328400 38.146942
-1.079663 -31.410721 -77.423553
-48.903778 -5.406168 -37.093040
35.568901 -28.208506 17.629725
-24.714788 -52.368645 -40.814579
45.273453 -28.190031 -49.721306
-13.056057 -9.014515 52.066868
22.355997 13.290636 48.763683
-29.336660 11.543396 42.198383
8.986361 5.796599 68.686119
43.126102 -6.315778 21.270634
-19.990961 2.576146 51.820976
-35.468697 0.453815 5.196155
-30.603067 -45.117008 9.746380
11.395125 -57.829662 -32.512905
-25.014357 3.555858 -77.750259
21.298536 2.498415 -79.606247
-47.755543 -12.358272 -24.088058
47.349957 -1.876868 -39.324333
42.957909 1.702239 8.303710
30.384727 -9.140493 29.691692
41.171947 6.290819 0.651671
-1.663001 -19.402845 43.349472
-48.465469 1.363859 18.453978
-44.872940 -23.988028 -15.484431
-40.267708 -38.955868 -13.254088
-3.633357 -48.657986 -64.406639
15.625216 -9.102969 -82.148903
38.003227 -8.163311 33.937046
-33.099670 -48.006413 -8.847058
-22.943457 -7.865064 43.050953
44.386982 2.135389 -7.904420
-34.146229 7.398357 34.405586
-34.662010 -17.525400 -70.788139
-36.531803 -36.463749 21.184114
38.148113 -42.865437 -26.007114
12.903856 -57.497925 0.967324
14.725860 -39.395218 -70.892006
39.322044 -19.814306 -64.402748
16.648088 -46.628826 21.432186
-46.336941 13.866320 -34.331173
28.434555 5.990529 42.381340
-25.299953 17.177160 46.851448
-45.172234 2.402251 -51.473217
18.418774 3.773308 50.113621
-5.287762 15.980894 -77.793793
28.017942 -10.169120 26.250525
