200
43.086128 -4.011725 -34.426128
-19.760546 -4.367181 47.449883
-59.504028 17.361639 7.292351
14.767575 4.676229 59.783325
36.489063 -19.717558 -14.141445
29.059336 -1.719900 21.512030
31.786995 -33.309048 24.878496
44.365860 3.327532 -24.403368
5.718358 7.468517 76.893967
-27.461512 25.233635 31.532181
-7.461420 -45.149021 -25.667585
36.221352 2.722731 -1.912006
32.575279 -15.355188 0.008236
21.795834 -12.547058 -66.852577
37.893158 10.637780 46.881008
4.285214 -39.197281 27.310930
-38.680168 29.583628 -53.090958
-15.746054 -9.802278 -72.319389
3.118456 -37.565624 19.155718
19.708359 20.863596 69.072899
-38.039513 -18.347763 12.554910
45.418041 15.455355 -52.577438
31.438791 11.902987 -68.812988
-10.965505 9.564995 -78.072243
-24.953438 33.068199 -56.992489
23.364876 27.866333 47.926941
8.170486 -44.619633 -14.280631
30.398939 -27.884798 -5.807903
-54.105179 13.162943 34.034180
-29.660444 22.652475 67.853004
52.285244 13.507544 6.134410
22.309431 -36.182442 -1.657610
-51.184494 14.157433 -28.494791
39.920094 6.467072 -54.430248
47.164188 16.188519 21.435522
-13.413094 27.209377 -67.076286
32.551144 -26.633015 -38.550995
-39.253059 -31.257244 14.885377
23.267635 7.093575 52.939415
37.042515 23.660978 -1.418137
-41.113201 -6.554777 20.963409
-4.488476 -4.785160 -77.306694
-25.205326 -38.110809 -25.737661
-35.188656 -35.101971 23.758297
42.113289 -0.467480 -45.905220
24.881836 31.748856 -55.835831
28.429279 -21.362753 8.699851
33.464676 21.769953 -58.991222
-52.158005 13.577600 -43.592152
32.959888 -27.048637 16.644785
37.998066 -1.159791 40.905834
21.736092 21.499983 -67.990593
-45.978638 6.127236 -16.837917
-50.462875 3.227086 31.631083
48.534046 12.232913 -30.743305
-33.982414 22.203171 -61.611656
10.824865 -35.987785 -47.154503
23.619555 -37.266098 -18.366880
-48.869370 -14.385454 21.499645
9.758536 15.907240 -74.392174
17.382900 13.816779 77.930824
38.442230 -2.674950 32.705524
9.469804 -6.905303 46.152447
-40.452633 -8.435166 -52.343914
40.123444 -15.655066 -29.823118
-22.113668 19.813698 -70.622551
8.126582 0.803287 64.809479
-13.741771 -11.005584 42.027897
-46.383549 -23.581385 16.907257
-29.491835 30.486776 40.236176
-35.433956 -2.702054 42.636429
-16.349888 -36.954479 17.455734
-27.419676 14.268865 76.537895
37.702374 -24.831427 27.648165
-41.716564 -1.528645 -6.853846
-6.888783 -42.692314 6.749210
26.075123 -25.098881 -52.372540
24.752914 17.543192 38.869617
43.336052 2.098828 35.964603
28.945000 8.495129 37.549007
-42.792061 -14.827196 -38.878605
34.189438 2.024724 45.483593
31.067099 19.481485 6.125872
45.414425 15.799542 28.718187
-18.117649 -42.400917 -12.643911
-37.105564 -18.585855 -1.445980
39.068062 27.729265 -49.869537
-34.575768 3.012755 -65.352570
-47.959518 19.246477 -52.289917
21.247311 28.355860 37.989231
8.198693 34.979229 -57.761040
-33.777107 12.447189 -69.971878
-45.534000 1.036881 39.592205
25.156544 4.098691 12.683643
-37.154034 10.582352 48.857376
-25.141726 -37.548981 1.923470
8.581396 27.133423 -66.760605
-44.061852 24.264843 -3.548544
-30.606466 -21.305370 -55.044025
-33.239410 -27.330578 -42.773972
40.144257 16.152853 38.850643
-43.805542 11.697911 -59.860706
50.670403 16.177959 -43.618340
-18.100502 -0.766796 -77.091118
-34.544449 -4.058177 5.489420
-6.187383 10.436895 84.836754
26.488066 -5.484693 11.251526
-6.899219 -45.134384 -5.511566
34.949524 -6.085371 37.953812
12.722404 -37.633144 20.186497
33.222103 16.292393 43.398129
25.005764 -34.299366 17.345078
-3.206275 -41.968857 -40.394714
-22.182142 6.061267 68.098114
-31.784546 2.953089 17.008772
3.089902 -6.114759 55.107784
40.150517 10.573938 -59.894569
-48.400471 -4.690290 28.226837
31.556866 -4.211054 3.949458
50.624969 10.482189 19.677753
20.168943 14.855461 27.247559
41.108688 -6.752792 -18.940401
-6.622767 -19.227613 38.407330
32.217083 -14.061584 17.262499
18.851122 22.484467 30.426004
33.024479 8.751219 6.076748
-15.984407 -23.161772 -63.593891
-17.668644 -37.631905 28.266163
37.638378 -7.358518 -8.414776
15.187798 -0.784908 52.252319
-55.648087 20.007145 -8.507239
47.378769 12.471696 35.569180
-37.591957 10.440363 37.443600
15.795424 9.128449 68.995445
-16.738104 10.492793 82.729279
29.862368 1.022359 -67.016792
22.465181 -35.483028 -35.852142
-28.562050 14.485008 27.362070
-48.739697 11.732331 42.364468
46.061829 11.717258 -18.818457
-24.564022 -38.918076 21.040735
-7.199885 -38.227741 24.139851
38.601719 -8.695871 27.748827
21.849703 -35.439354 9.442243
3.999657 4.553899 -78.725594
-40.111214 1.655952 30.580849
-7.154351 -27.155125 34.358673
-37.994297 -26.125294 -28.860146
-17.212421 -32.778202 -51.327381
22.972666 -2.408102 47.716793
29.892078 5.039416 49.261517
-8.312698 34.524406 -59.056683
7.305143 -7.526745 -74.962257
29.975965 -3.190060 43.065300
-0.733924 -20.955599 -69.502815
-46.366936 2.542039 -40.735382
39.963169 -16.431784 21.961130
-21.406391 -37.096424 -38.311684
38.116474 -15.052310 -44.615318
-19.032425 -0.432010 56.663136
21.851919 25.501860 59.060581
-35.294727 22.089277 49.874775
7.236917 11.117917 84.726723
47.286102 8.369215 29.112755
-26.411062 12.212100 59.197258
-39.371655 12.948915 3.274766
-31.130411 -33.509113 10.278699
10.104170 -42.222946 -29.611320
-24.286921 7.820228 -76.282143
21.697735 8.080420 -74.788773
-46.485847 -2.252298 -28.617949
45.770237 7.604887 -39.374153
48.213417 17.324409 12.995016
33.141338 4.149110 36.972137
44.803200 19.393234 1.653450
-3.759038 -11.769470 47.687206
-57.562782 15.538205 22.631496
-43.211235 -11.934977 -18.765184
-37.625549 -25.783571 -14.801462
-2.421541 -33.748264 -56.786930
16.331873 -1.712776 -75.730225
42.224297 6.156101 41.486713
-30.503733 -34.423382 -9.336802
-34.115444 2.521898 48.184006
49.006336 16.346142 -8.235401
-41.288113 18.779623 42.031857
-29.807030 -9.608753 -64.663979
-42.912838 -28.040009 24.578716
33.637688 -27.506947 -24.306911
10.551610 -41.803070 1.666382
12.692388 -25.501570 -61.271427
34.492668 -9.464452 -57.113438
18.577044 -39.414333 25.017637
-52.837029 22.213764 -40.836201
29.436747 18.514633 51.194317
-31.332056 28.312822 55.829025
-43.374920 7.681161 -53.745266
19.195276 14.972547 58.750755
-4.109768 17.768599 -74.783905
29.639381 2.693559 31.996708
