41
-2.25920319109458 28.3664381483488 -3.61392765042264
-1.61775676097389 39.3792530915023 -23.2575665366028
-0.636554436325252 37.5432494183461 -50.9107898843898
4.76267652653031 27.3108085809798 -4.07747276285014
-9.13455017284227 27.5174039201053 -4.36469012553587
15.3194833885029 34.8205409170261 -15.88776118224
-19.0593824159778 35.1172370721927 -16.8815540923048
22.8424547063949 39.7038543900296 -23.729901603366
-25.2060288874742 40.2272391886913 -25.0295623582097
5.53666792353808 42.1182975687534 -23.1542990055575
-8.63315508276185 42.2672199535141 -23.5400726174032
12.528597158446 42.3480304476692 -37.9338820150251
-14.602753844144 42.6531450904892 -38.4453468961256
17.4597651464995 41.3494469673959 -32.6399933178367
-20.0640897978273 41.3777520857417 -33.8871063231777
-4.25751114720517 -33.5386208097002 32.3731263498459
-4.26741483183748 -27.6018546633876 34.540601174768
-4.54760530684577 -6.28689506479512 55.8728846070868
-4.8936231213027 9.10085676852666 76.8441678607823
-5.86508378468647 15.7787199058958 94.8669884857992
6.18210214482378 3.79334335506976 67.3742017576356
-16.1777785488916 4.09560273666278 66.8493634071497
22.4060378258209 -4.36054831378373 45.0349951648296
-31.2926745935268 -3.61337145306603 43.1893312787704
38.5203961612624 16.7649563800464 47.8469258065781
-46.4906542175985 17.8334581007875 45.2051050146636
36.1234951555966 -20.9781512029207 30.2264530319857
-43.9384962761406 -20.1035649994259 27.3705782698579
49.4997838987147 9.41439729005879 25.6169345622396
-56.6505202758934 10.876249349818 21.93999430985
-3.17395691968234 31.5947283921328 29.4872412741957
13.3853966702047 37.4368454583321 31.513172183418
-20.3250558111989 38.0649785257179 30.1925448634285
-5.40226202344348 20.2983987994702 90.1260859268722
43.7997937815558 19.9786955656996 -20.4878166319914
-47.2462068755396 20.8287107285943 -22.9874578619842
-2.86014992641676 -44.182993733993 -32.0598980660154
-0.00657781809295492 -9.16734981898948 -75.6393341550683
-0.270123946405344 19.9709096552423 -73.5517192686214
43.0878957374064 15.094503599188 -56.0652509300006
-43.1274972481986 15.3627568691965 -60.2298762763274