200
47.927326 -21.695724 -40.742702
-17.892151 -12.754767 41.839314
-48.659939 2.722405 1.704600
16.027983 -2.270460 52.178120
40.100876 -35.875126 -17.500351
27.683550 -14.482241 16.332006
29.851707 -41.010605 19.380173
47.178886 -12.785889 -31.260534
7.509034 3.336802 67.331581
-24.342213 14.630486 23.794500
-7.163446 -60.155289 -27.171833
39.737213 -11.457491 -7.817459
35.688839 -29.296007 -4.303351
22.214699 -32.861763 -72.324303
38.005562 0.733071 36.541260
5.233609 -48.052048 24.040977
-37.831985 11.792066 -61.658661
-15.714587 -29.407158 -76.434456
4.839291 -51.400368 18.585653
19.876102 14.407464 59.712315
-36.309361 -29.538681 8.321499
41.437977 -4.764951 -58.305077
30.198021 -8.863014 -74.438812
-10.326509 -10.769672 -83.012589
-25.334682 17.660877 -67.611824
23.493267 18.165033 38.812222
8.444862 -59.031593 -16.060909
33.170624 -43.336048 -8.891685
-46.305336 3.276690 25.257460
-22.694073 17.113367 58.939491
46.278015 0.352048 0.115936
24.641468 -52.058044 -4.217689
-49.355865 -1.126601 -35.543194
41.101627 -12.799211 -61.929440
46.019733 2.787610 13.327447
-13.972207 8.702575 -80.302696
34.218754 -45.883350 -43.078194
-35.681026 -40.126301 11.886757
23.684834 -0.984766 43.409115
38.725658 9.731073 -10.397904
-38.183399 -17.758034 17.451002
-4.240040 -24.587120 -80.152634
-25.300419 -53.962334 -27.603754
-31.793829 -41.326447 19.853619
45.008553 -19.029100 -53.515205
27.483110 16.036123 -67.053795
31.932503 -34.392204 5.089786
34.463646 2.092649 -67.458504
-47.135994 -3.629045 -48.806828
32.161583 -38.375633 13.217310
38.233921 -10.026438 32.690567
23.857601 1.727369 -78.597336
-47.291702 -7.949196 -22.693350
-45.783787 -4.645278 25.698612
47.650795 -4.675744 -38.519794
-33.579338 3.605245 -69.652565
10.869962 -54.522682 -49.865231
24.845989 -53.625565 -20.963400
-42.395596 -24.973690 18.671810
10.211823 -4.523518 -83.894691
16.454321 9.657345 66.338402
39.706730 -13.168388 26.298948
11.580490 -16.283760 40.260555
-42.170700 -26.814869 -58.178318
45.026932 -34.237148 -34.690746
-22.605989 -0.037976 -80.279510
9.989949 -6.019386 57.716564
-9.934013 -19.052839 37.259377
-39.933029 -33.146198 15.282737
-24.055107 22.385370 33.003872
-33.441963 -10.858757 36.474426
-16.723846 -50.270161 16.468002
-19.991289 11.145174 65.031876
34.704201 -33.830181 20.990097
-43.720337 -14.906185 -10.858176
-7.276609 -59.331963 6.152803
26.737492 -45.051422 -56.796783
24.459074 7.110095 31.104286
41.948750 -7.183792 27.694563
30.451279 -2.161756 31.858511
-45.633961 -33.040634 -43.573818
35.308968 -6.873965 36.973331
32.632164 6.110273 -2.440598
44.732399 3.016125 19.089672
-18.039293 -57.278645 -14.612457
-40.103008 -31.866867 -4.637812
39.334927 8.427681 -58.899323
-34.330204 -16.346502 -71.327682
-42.626381 0.804652 -57.019794
21.750240 17.696053 28.844385
8.803418 19.777559 -68.676636
-31.376432 -7.455152 -74.013062
-42.003239 -7.051503 32.255150
28.851198 -8.712975 9.919424
-34.701641 2.909757 40.052826
-26.415758 -52.560028 0.357674
10.126212 8.363320 -80.751335
-41.571198 10.672456 -11.421780
-31.105219 -39.879429 -59.196491
-33.982178 -45.270924 -46.109299
41.045414 1.418644 28.521692
-40.218967 -7.244359 -64.536469
44.959007 -2.961585 -49.446587
-17.193697 -20.673403 -79.271492
-37.685997 -16.079796 2.082412
-4.489141 8.701656 73.447304
31.330425 -17.783606 6.997616
-6.861622 -61.018593 -7.208118
35.857658 -16.059139 31.100351
13.641013 -48.914268 17.428774
35.271530 4.183619 35.721783
25.738689 -45.548515 13.919554
-3.205311 -58.533661 -42.131493
-18.140961 1.306544 59.981598
-30.618450 -7.990968 11.137700
5.027680 -14.132594 48.949257
38.329899 -9.558990 -65.835800
-43.330261 -14.849805 25.181210
35.386383 -17.729494 -0.688170
46.584301 -1.944825 10.701861
21.443392 3.294684 16.495003
45.617523 -22.776281 -23.865005
-5.225332 -28.685028 34.195816
30.735710 -26.786884 13.780448
21.968245 9.286818 22.252645
36.101406 -4.562044 -0.762857
-16.029772 -42.489250 -67.139771
-16.349062 -46.502819 25.230085
41.322323 -22.485365 -12.793220
17.130091 -8.928662 44.942745
-46.233856 4.111892 -18.202890
43.511913 0.758954 25.428238
-34.139706 -1.188888 30.905455
16.649458 3.060528 60.466778
-11.930487 9.125510 70.837547
30.189791 -19.231075 -73.521591
23.086269 -53.292686 -38.680099
-23.488470 4.587612 21.755169
-43.023129 2.838746 32.989738
47.333576 -4.079540 -26.684376
-22.136932 -46.672424 17.532206
-6.544699 -49.760803 22.158642
38.035934 -20.130848 24.601437
23.961197 -48.953709 6.799336
4.181733 -15.858058 -83.820457
-39.389870 -9.189831 28.489433
-5.964407 -36.716499 30.912525
-39.452644 -43.180790 -32.034721
-17.354443 -51.175850 -53.965889
24.668139 -11.027227 40.746311
31.652435 -3.828652 40.150898
-7.548455 19.640654 -70.180458
7.103319 -27.773550 -79.044891
31.648026 -12.520526 36.438980
-0.855788 -40.178486 -72.029411
-48.556507 -13.756195 -46.889107
36.221008 -28.092686 18.311932
-21.546404 -53.731174 -40.530426
41.368698 -34.890305 -50.962471
-15.786795 -6.779560 49.935226
22.695484 18.243532 49.336655
-30.250668 12.071510 40.216900
7.823292 9.742878 72.926865
45.446091 -2.907420 20.015266
-21.347805 6.206545 51.294468
-39.373859 0.468866 -3.203271
-30.778576 -45.595623 7.891721
10.059028 -58.309196 -31.603615
-22.489878 -12.043430 -79.086250
20.904734 -12.642824 -79.648201
-49.195049 -17.299072 -33.514980
46.782272 -10.243496 -46.871857
45.962360 2.643873 4.209376
35.033779 -6.206322 30.593615
44.037270 3.597205 -6.805861
-2.184223 -20.252199 42.457161
-48.643295 4.101842 14.915486
-46.597187 -26.740477 -22.353378
-39.615440 -41.119125 -17.801483
-2.507450 -52.780613 -59.713169
16.044209 -22.194921 -79.221016
40.905674 -3.051625 32.034977
-31.726177 -49.774807 -11.310571
-31.256155 -4.733970 40.654999
45.291203 0.705865 -18.314457
-38.566010 6.981103 34.579018
-30.224886 -28.956287 -69.662666
-38.257771 -35.030132 20.099895
35.894627 -45.661194 -27.741089
12.113001 -57.950069 0.017033
12.735985 -45.640465 -65.559471
35.979576 -29.791639 -63.965992
18.252337 -46.203903 21.332251
-47.047638 5.823346 -46.316208
28.830475 7.950106 40.883366
-25.365744 21.710337 46.660126
-43.146984 -10.159669 -60.095764
20.239304 7.725524 49.881790
-3.636501 -2.513848 -84.092575
27.608341 -9.832476 24.659019
