47.8100204467773 -13.8450469970703 -35.5498809814453
-11.8365678787231 -13.7546615600586 43.6836280822754
-49.190731048584 2.42170667648315 7.26251697540283
14.0445871353149 -4.91089200973511 52.3944816589355
40.3621025085449 -32.6625213623047 -15.6340665817261
29.3729362487793 -15.2399215698242 17.9683742523193
28.7332038879395 -41.685733795166 19.8226184844971
46.1329917907715 -6.14628601074219 -22.92409324646
7.60674571990967 1.01923155784607 64.8679962158203
-25.1662845611572 10.5939016342163 27.0197601318359
-8.3554744720459 -60.0095977783203 -28.0717716217041
36.2860527038574 -10.4706010818481 -0.962364435195923
34.2642860412598 -28.3127307891846 -0.463423311710358
25.5412139892578 -22.3691635131836 -75.3276977539062
34.8078536987305 -3.23367524147034 38.4832344055176
4.24794435501099 -47.734920501709 24.921781539917
-35.1047897338867 21.5690078735352 -47.5228996276855
-18.770694732666 -17.7581005096436 -79.3962631225586
4.26656007766724 -50.2061653137207 20.3565731048584
19.8710784912109 11.3179655075073 56.6772384643555
-36.1376075744629 -28.2691345214844 11.6924715042114
43.1056976318359 7.08213043212891 -51.5337677001953
30.4460372924805 6.46692705154419 -70.5591812133789
-12.0450029373169 6.95640659332275 -81.1969223022461
-24.3802661895752 25.9595699310303 -52.6645355224609
24.2948207855225 14.776816368103 38.3229370117188
9.74878692626953 -58.7155418395996 -15.4383220672607
33.5810279846191 -41.5704383850098 -7.01237487792969
-45.4348373413086 0.574461221694946 28.1522960662842
-22.6133403778076 13.9261379241943 56.3159065246582
46.7385749816895 0.310746878385544 4.03646850585938
25.5043354034424 -50.8454780578613 -2.18211221694946
-47.1513748168945 5.45542573928833 -22.0919170379639
41.7508239746094 -0.92939019203186 -55.7947883605957
43.2072944641113 1.12185668945312 15.0826787948608
-13.8737373352051 21.6620635986328 -65.6237716674805
39.4250564575195 -40.6010513305664 -44.0249519348145
-35.3310279846191 -40.385326385498 13.5823364257812
19.8353385925293 -2.94051122665405 44.4876976013184
33.5363883972168 6.11648797988892 0.743737161159515
-36.9351119995117 -17.1974945068359 17.1623306274414
-5.34862804412842 -11.5549211502075 -84.0224838256836
-28.9312973022461 -52.1920204162598 -27.2445373535156
-29.610013961792 -42.3327369689941 21.0218544006348
46.3060989379883 -9.15432167053223 -48.0437393188477
24.9269733428955 23.962287902832 -53.6598587036133
30.790246963501 -34.0260276794434 8.25106334686279
32.9186744689941 16.7052440643311 -57.9722557067871
-49.1255378723145 5.13441610336304 -38.4451446533203
32.275993347168 -38.0151672363281 13.3334913253784
33.3838996887207 -14.2397871017456 34.226318359375
21.5419216156006 17.5044765472412 -69.2967224121094
-43.3620834350586 -5.03432941436768 -12.270393371582
-42.7046089172363 -8.66393280029297 26.8595561981201
47.221851348877 2.89023423194885 -29.1246643066406
-33.3683280944824 18.5922107696533 -57.6482200622559
13.4968891143799 -52.2097930908203 -54.6501083374023
27.5473575592041 -51.8943901062012 -20.9064426422119
-42.2391014099121 -24.2828941345215 18.5351505279541
9.16661739349365 13.6465148925781 -79.0653457641602
16.8172416687012 6.32821607589722 63.5142402648926
33.9577140808105 -16.4935970306396 27.0228385925293
6.71723985671997 -16.7600784301758 41.844482421875
-46.422966003418 -16.3225021362305 -53.6916122436523
46.7868461608887 -27.6462802886963 -32.2829055786133
-22.5604457855225 17.5364456176758 -69.6073760986328
8.8961067199707 -6.90505981445312 57.7095031738281
-8.08798694610596 -20.6657028198242 38.4366912841797
-40.1042861938477 -32.142993927002 15.2161102294922
-25.1367588043213 17.1663722991943 33.312614440918
-23.8016529083252 -12.1932992935181 38.9686698913574
-15.5076818466187 -49.4779624938965 18.5160007476807
-19.6863422393799 7.4839916229248 63.0247535705566
33.7306976318359 -34.630786895752 21.8868789672852
-40.7450332641602 -13.4554576873779 -4.46283197402954
-6.75786113739014 -58.5924110412598 8.59975528717041
31.8929042816162 -38.6108207702637 -60.2768058776855
25.0025615692139 4.10689496994019 31.3671455383301
38.4732704162598 -11.8432302474976 27.3708152770996
28.2287158966064 -5.51831865310669 29.7614250183105
-48.9177055358887 -25.0346698760986 -38.9297523498535
29.8917388916016 -10.3933849334717 38.6692657470703
30.0572681427002 3.64214873313904 6.72688388824463
42.2214431762695 0.221760928630829 20.7688026428223
-19.8851413726807 -56.6419448852539 -12.4299325942993
-39.3473358154297 -29.8839950561523 -0.184579938650131
36.4109268188477 19.2499465942383 -47.3012542724609
-37.6609992980957 -1.48009693622589 -66.2603225708008
-44.7695503234863 12.321081161499 -46.7788429260254
21.8113803863525 14.5256643295288 29.6447582244873
8.92578125 25.024715423584 -55.814826965332
-32.9976768493652 8.72344398498535 -67.8938598632812
-36.9669761657715 -9.97048568725586 34.9688377380371
26.1423110961914 -10.5899324417114 11.8364152908325
-29.4302387237549 0.176572144031525 41.9060020446777
-26.4404907226562 -51.6328620910645 3.40473532676697
8.51363468170166 20.4027137756348 -67.201301574707
-36.6603012084961 7.64695072174072 -0.0128566389903426
-37.2158279418945 -32.4060516357422 -60.3463668823242
-39.7135810852051 -40.0435905456543 -46.2035903930664
38.7583885192871 0.376059472560883 29.9062252044678
-42.4740409851074 7.02569341659546 -55.6063385009766
46.1245651245117 6.76310539245605 -42.3223571777344
-19.831859588623 -6.32368278503418 -80.7055053710938
-35.4066696166992 -15.5642309188843 6.50660705566406
-2.51184368133545 5.73553133010864 68.8539199829102
28.5696678161621 -19.0977554321289 11.5358629226685
-7.1739296913147 -60.914852142334 -4.77615737915039
29.9849834442139 -18.4408054351807 32.2445869445801
12.6552400588989 -48.3588333129883 19.2385597229004
32.0863227844238 2.69130992889404 33.9073944091797
25.0015735626221 -45.5071601867676 15.3411769866943
-3.91073894500732 -58.0444259643555 -45.7776374816895
-16.3903503417969 -1.29572737216949 59.1314506530762
-29.8071537017822 -9.3184871673584 15.2693157196045
3.580486536026 -13.1889266967773 50.1563377380371
39.1701622009277 3.52693581581116 -59.8544883728027
-41.063720703125 -16.1558456420898 24.811502456665
32.9739036560059 -17.6261386871338 4.3178882598877
46.1226921081543 -3.80693960189819 13.1147441864014
20.7579231262207 2.96944999694824 22.5888652801514
44.5887565612793 -17.9996757507324 -18.884090423584
-3.95780944824219 -30.1520557403564 34.6242523193359
31.6144180297852 -26.4364528656006 14.8776798248291
21.6689624786377 4.83428573608398 24.4826564788818
32.5188636779785 -5.77718877792358 6.08064651489258
-20.1423816680908 -35.0344924926758 -71.6577835083008
-14.3348770141602 -46.4802856445312 25.8244171142578
39.3034629821777 -19.6491374969482 -8.3904275894165
11.5716257095337 -10.6700716018677 46.5261535644531
-46.2832260131836 5.83469533920288 -4.35350322723389
43.251407623291 -2.75545358657837 26.4475631713867
-32.6128082275391 -0.939897000789642 30.4271278381348
15.9172658920288 0.501013457775116 58.6695365905762
-11.1372728347778 5.21962451934814 67.8548049926758
32.3072319030762 -5.66561555862427 -72.2507247924805
27.4007968902588 -50.9184951782227 -41.325569152832
-23.9195232391357 4.85638952255249 22.7248859405518
-40.6586608886719 0.113127470016479 35.7845573425293
43.9693870544434 2.48851084709167 -16.3327541351318
-20.6595497131348 -47.0283012390137 18.5576915740967
-5.68164730072021 -49.2802200317383 22.9978847503662
34.4671516418457 -21.5828762054443 22.8257694244385
23.5453128814697 -48.4887657165527 8.95122337341309
3.61074256896973 0.345847934484482 -83.7322692871094
-33.6466522216797 -9.93822193145752 26.4480094909668
-5.01352071762085 -39.2683715820312 30.8367786407471
-43.1595573425293 -38.4866065979004 -29.4651165008545
-21.5398082733154 -47.2570953369141 -58.0108108520508
15.6168975830078 -13.4985189437866 42.2894248962402
25.8888664245605 -6.45956611633301 42.0075531005859
-8.58477878570557 25.1034049987793 -56.4579315185547
8.09720039367676 -15.5551176071167 -82.7259902954102
24.3437194824219 -14.5233707427979 37.4447441101074
-1.24521279335022 -31.8392448425293 -77.2237930297852
-48.9047584533691 -5.50429725646973 -37.2961006164551
35.9925765991211 -28.1796684265137 18.0246105194092
-25.616756439209 -51.6113586425781 -42.2852554321289
45.6406631469727 -26.4278945922852 -49.7857246398926
-13.1871185302734 -8.99313545227051 51.779956817627
22.6384677886963 14.0490522384644 48.4100799560547
-29.6056480407715 11.0017127990723 42.2463493347168
8.54609107971191 5.53568124771118 68.7343597412109
43.418643951416 -6.16494703292847 20.5432147979736
-20.1297473907471 2.91269588470459 51.2234420776367
-35.7458114624023 -1.37885344028473 4.82784414291382
-30.2224254608154 -45.1033935546875 10.7179555892944
12.2690896987915 -57.449089050293 -33.5254936218262
-25.1727600097656 4.30253839492798 -77.3723907470703
21.7581996917725 3.36656379699707 -79.1045837402344
-47.8473510742188 -11.9366846084595 -25.2349472045898
47.2949142456055 -1.21364533901215 -39.2532691955566
43.8855285644531 2.8788800239563 9.39613819122314
30.8952922821045 -9.55719661712646 29.7089023590088
39.9460601806641 5.91395902633667 2.2151346206665
-1.39986133575439 -19.7043514251709 43.1107940673828
-48.3628082275391 1.79033613204956 18.5243701934814
-45.4640731811523 -23.0436515808105 -16.737154006958
-40.8744049072266 -37.9809112548828 -14.0109119415283
-3.28649163246155 -48.4213523864746 -64.8504943847656
17.3982524871826 -8.28304576873779 -81.7890319824219
38.5308151245117 -8.20462512969971 33.2590370178223
-33.2238731384277 -47.8439178466797 -8.51813888549805
-24.0584983825684 -7.28936386108398 42.9057998657227
43.8916168212891 3.77131628990173 -6.82329797744751
-35.0756225585938 7.06769895553589 34.3122138977051
-35.5833740234375 -17.3018798828125 -69.9971313476562
-36.4675979614258 -36.2085800170898 21.6286926269531
39.5314559936523 -41.6523704528809 -27.435640335083
12.5726928710938 -57.3180084228516 2.20838260650635
15.61292552948 -39.1655502319336 -70.7992248535156
40.1623954772949 -18.960018157959 -63.2815017700195
16.707347869873 -46.556224822998 21.843677520752
-46.828197479248 12.9804754257202 -34.6910247802734
28.5182571411133 5.76681280136108 42.3566017150879
-25.361177444458 17.5067195892334 46.5844917297363
-45.3190498352051 2.39846992492676 -51.1294364929199
18.9468383789062 4.49781656265259 49.3556365966797
-5.24514102935791 16.6035537719727 -76.8491668701172
28.4113330841064 -10.9295835494995 26.1255931854248
