-0.106815 13.825208 -1.979905
-0.183859 23.799227 -16.364031
-0.245843 26.426792 -48.260227
4.877684 12.183660 -2.787290
-5.775007 12.020881 -3.154366
16.137671 21.123632 -10.075156
-16.037300 20.756783 -11.160963
23.431826 27.219051 -21.010433
-22.909744 26.691519 -19.709518
8.202692 26.304232 -17.261988
-7.309382 26.645840 -17.047319
16.432669 27.895712 -31.540331
-15.552983 27.846853 -30.887264
19.617260 27.438198 -26.344925
-18.768826 28.070347 -26.715111
-2.615533 -43.042309 29.356688
-2.871753 -40.556538 30.761889
-1.856824 -12.231967 52.110355
-1.092243 3.625687 64.339684
-2.266464 11.825599 74.588722
8.327165 -4.041635 59.999386
-12.267140 -3.511411 59.832069
13.363768 -15.888521 40.192257
-17.980183 -14.251593 39.786549
35.398262 2.130001 38.845524
-38.276398 5.839666 37.598946
32.376736 -31.488716 24.482489
-37.854462 -29.732351 23.901018
45.427872 -5.047020 17.027269
-48.417683 -2.354123 17.734072
-0.484915 16.367899 25.075596
14.165383 21.830194 24.141256
-14.622979 23.197645 23.341873
-0.860606 14.495114 72.053017
36.916626 9.034234 -17.859385
-38.392273 10.334546 -16.448681
-3.124013 -59.708225 -35.779743
-0.130657 -17.614637 -83.644646
-1.577425 17.613144 -75.034302
41.411652 7.109061 -55.099796
-42.097404 10.816298 -55.454945
